-1.5818918173768015
-1.0545945449178677
-0.5272972724589339
0.0
0.5272972724589339
1.0545945449178677
1.5818918173768015
2.1091890898357355
2.6364863622946695
3.163783634753603
3.6910809072125366
4.218378179671471
4.7456754521304045
5.272972724589339
5.8002699970482725
6.327567269507206
6.8548645419661405
7.382161814425073
7.909459086884008
8.436756359342942
8.964053631801876
9.491350904260809
10.018648176719744
10.545945449178678
11.07324272163761
11.600539994096545
12.127837266555478
12.655134539014412
13.182431811473347
13.709729083932281
14.237026356391215
14.764323628850146
15.291620901309082
15.818918173768015
16.34621544622695
16.873512718685884
17.400809991144815
17.928107263603753
18.455404536062684
18.982701808521618
-1.4313549076474368
-0.9542366050982912
-0.4771183025491456
0.0
0.4771183025491456
0.9542366050982912
1.4313549076474368
1.9084732101965824
2.3855915127457283
2.8627098152948736
3.3398281178440192
3.816946420393165
4.294064722942311
4.771183025491457
5.2483013280406015
5.725419630589747
6.202537933138893
6.6796562356880385
7.156774538237184
7.63389284078633
8.111011143335476
8.588129445884622
9.065247748433768
9.542366050982913
10.019484353532057
10.496602656081203
10.973720958630349
11.450839261179494
11.92795756372864
12.405075866277786
12.882194168826931
13.359312471376077
13.836430773925224
14.313549076474368
14.790667379023516
15.26778568157266
15.744903984121803
16.222022286670953
16.699140589220097
17.176258891769244
-1.295143478928806
-0.8634289859525375
-0.43171449297626874
0.0
0.43171449297626874
0.8634289859525375
1.295143478928806
1.726857971905075
2.158572464881344
2.590286957857612
3.022001450833881
3.45371594381015
3.8854304367864185
4.317144929762688
4.748859422738956
5.180573915715224
5.6122884086914935
6.044002901667762
6.475717394644031
6.9074318876203
7.339146380596569
7.770860873572837
8.202575366549107
8.634289859525376
9.066004352501643
9.497718845477912
9.92943333845418
10.361147831430449
10.792862324406718
11.224576817382987
11.656291310359256
12.088005803335523
12.519720296311794
12.951434789288061
13.383149282264332
13.8148637752406
14.246578268216867
14.678292761193138
15.110007254169405
15.541721747145674
-1.1718942814600513
-0.7812628543067008
-0.3906314271533504
0.0
0.3906314271533504
0.7812628543067008
1.1718942814600513
1.5625257086134017
1.9531571357667523
2.3437885629201025
2.734419990073453
3.1250514172268034
3.5156828443801538
3.9063142715335046
4.296945698686854
4.687577125840205
5.078208552993556
5.468839980146906
5.859471407300256
6.250102834453607
6.640734261606958
7.0313656887603075
7.421997115913658
7.812628543067009
8.203259970220358
8.593891397373708
8.98452282452706
9.37515425168041
9.76578567883376
10.156417105987112
10.547048533140462
10.937679960293812
11.328311387447163
11.718942814600512
12.109574241753863
12.500205668907213
12.890837096060563
13.281468523213915
13.672099950367263
14.062731377520615
-1.0603737958474189
-0.7069158638982792
-0.3534579319491396
0.0
0.3534579319491396
0.7069158638982792
1.0603737958474189
1.4138317277965584
1.7672896597456982
2.1207475916948377
2.474205523643977
2.827663455593117
3.1811213875422566
3.5345793194913964
3.8880372514405357
4.2414951833896755
4.594953115338815
4.948411047287954
5.301868979237094
5.655326911186234
6.008784843135373
6.362242775084513
6.715700707033653
7.069158638982793
7.422616570931932
7.776074502881071
8.12953243483021
8.482990366779351
8.83644829872849
9.18990623067763
9.54336416262677
9.896822094575908
10.250280026525049
10.603737958474188
10.957195890423328
11.310653822372467
11.664111754321606
12.017569686270747
12.371027618219886
12.724485550169026 
 -0.9594658875875681
-0.6396439250583787
-0.3198219625291894
0.0
0.3198219625291894
0.6396439250583787
0.9594658875875681
1.2792878501167575
1.5991098126459469
1.9189317751751362
2.238753737704325
2.558575700233515
2.8783976627627044
3.1982196252918937
3.5180415878210827
3.8378635503502725
4.157685512879461
4.47750747540865
4.79732943793784
5.11715140046703
5.436973362996219
5.756795325525409
6.0766172880545986
6.3964392505837875
6.716261213112976
7.036083175642165
7.355905138171355
7.675727100700545
7.995549063229734
8.315371025758923
8.635192988288113
8.9550149508173
9.274836913346492
9.59465887587568
9.91448083840487
10.23430280093406
10.554124763463248
10.873946725992438
11.193768688521628
11.513590651050817
-0.8681606364183153
-0.5787737576122102
-0.2893868788061051
0.0
0.2893868788061051
0.5787737576122102
0.8681606364183153
1.1575475152244203
1.4469343940305257
1.7363212728366306
2.0257081516427355
2.3150950304488407
2.6044819092549463
2.8938687880610514
3.183255666867156
3.4726425456732612
3.7620294244793664
4.051416303285471
4.340803182091577
4.630190060897681
4.919576939703787
5.2089638185098925
5.498350697315997
5.787737576122103
6.077124454928207
6.366511333734312
6.655898212540417
6.9452850913465225
7.234671970152628
7.524058848958733
7.813445727764838
8.102832606570942
8.392219485377048
8.681606364183153
8.970993242989259
9.260380121795363
9.549767000601468
9.839153879407574
10.128540758213678
10.417927637019785
-0.7855442286972039
-0.5236961524648026
-0.2618480762324013
0.0
0.2618480762324013
0.5236961524648026
0.7855442286972039
1.0473923049296052
1.3092403811620066
1.5710884573944077
1.832936533626809
2.0947846098592104
2.356632686091612
2.618480762324013
2.880328838556414
3.1421769147888154
3.404024991021217
3.665873067253618
3.9277211434860195
4.189569219718421
4.451417295950822
4.713265372183224
4.975113448415625
5.236961524648026
5.498809600880427
5.760657677112828
6.0225057533452295
6.284353829577631
6.546201905810032
6.808049982042434
7.069898058274836
7.331746134507236
7.593594210739639
7.855442286972039
8.117290363204441
8.379138439436842
8.640986515669242
8.902834591901645
9.164682668134045
9.426530744366447
-0.7107898116474274
-0.47385987443161826
-0.23692993721580913
0.0
0.23692993721580913
0.47385987443161826
0.7107898116474274
0.9477197488632365
1.1846496860790456
1.4215796232948548
1.6585095605106637
1.895439497726473
2.1323694349422824
2.3692993721580913
2.6062293093739
2.8431592465897095
3.0800891838055184
3.3170191210213273
3.5539490582371367
3.790878995452946
4.027808932668755
4.264738869884565
4.501668807100374
4.7385987443161826
4.9755286815319915
5.2124586187478
5.449388555963609
5.686318493179419
5.923248430395228
6.160178367611037
6.397108304826847
6.634038242042655
6.870968179258465
7.107898116474273
7.344828053690083
7.581757990905892
7.8186879281217
8.05561786533751
8.292547802553319
8.52947773976913 
 -0.6431492179373243
-0.4287661452915495
-0.21438307264577475
0.0
0.21438307264577475
0.4287661452915495
0.6431492179373243
0.857532290583099
1.0719153632288738
1.2862984358746485
1.500681508520423
1.715064581166198
1.9294476538119727
2.1438307264577476
2.358213799103522
2.572596871749297
2.7869799443950716
3.001363017040846
3.215746089686621
3.430129162332396
3.6445122349781705
3.8588953076239454
4.07327838026972
4.287661452915495
4.502044525561269
4.716427598207044
4.930810670852819
5.145193743498594
5.359576816144369
5.573959888790143
5.7883429614359185
6.002726034081692
6.2171091067274675
6.431492179373242
6.645875252019017
6.860258324664792
7.0746413973105655
7.289024469956341
7.503407542602115
7.717790615247891 
-0.5819454777702551
-0.38796365184683673
-0.19398182592341837
0.0
0.19398182592341837
0.38796365184683673
0.5819454777702551
0.7759273036936735
0.9699091296170919
1.1638909555405101
1.3578727814639284
1.551854607387347
1.7458364333107652
1.9398182592341837
2.133800085157602
2.3277819110810203
2.521763737004439
2.715745562927857
2.9097273888512754
3.103709214774694
3.2976910406981124
3.4916728666215304
3.685654692544949
3.8796365184683674
4.073618344391785
4.267600170315204
4.461581996238622
4.655563822162041
4.849545648085459
5.043527474008878
5.237509299932296
5.431491125855714
5.625472951779133
5.819454777702551
6.01343660362597
6.207418429549388
6.401400255472805
6.595382081396225
6.789363907319642
6.983345733243061  
